-0.51   0   -0.4904 -0.51   3   -0.4904
-0.4854 0   2.5792  -0.4854 3   2.572
1.0719  0   2.55    1.0719  3   2.55
1.0342  0   -0.4837 1.0342  3   -0.4837
-0.51   0.0961  -0.4904 -0.4854 0.1044  2.5792
-0.4854 0.1044  2.5792  1.0719  0.1218  2.55
1.0342  0.1109  -0.4837 1.0719  0.1218  2.55
-0.51   0.0961  -0.4904 1.0342  0.1109  -0.4837
-0.5122 1.6507  0.4769  -0.5052 1.6564  2.5748
-0.5052 1.6564  2.5748  1.0553  1.6724  2.5461
1.042   1.6628  -0.4905 1.0553  1.6724  2.5461
-0.5122 1.6507  -0.4769 1.042   1.6628  -0.4905
-0.5014 0.1003  1.0506  -0.5112 1.6493  1.0511
-0.5112 1.6493  1.0511  1.0549  1.6645  1.0297
1.0544  0.1164  1.0311  1.0549  1.6645  1.0297
-0.5014 0.1003  1.0506  1.0544  0.1164  1.0311