-0.51   0   -0.9904 -0.51   3   -0.9904
-0.4854 0   2.0792  -0.4854 3   2.072
1.0719  0   2.05    1.0719  3   2.05
1.0342  0   -0.9837 1.0342  3   -0.9837
-0.51   0.0961  -0.9904 -0.4854 0.1044  2.0792
-0.4854 0.1044  2.0792  1.0719  0.1218  2.05
1.0719  0.1218  2.05    1.0342  0.1109  -0.9837
1.0342  0.1109  -0.9837 -0.51   0.0961  -0.9904
-0.5122 1.6507  -0.0231 -0.5052 1.6564  2.0748
-0.5052 1.6564  2.0748  1.0553  1.6724  2.0461
1.0553  1.6724  2.0461  1.042   1.6628  -0.9905
1.042   1.6628  -0.9905 -0.5122 1.6507  -0.9769
-0.5014 0.1003  0.5506  -0.5112 1.6493  0.5511
-0.5112 1.6493  0.5511  1.0549  1.6645  0.5297
1.0549  1.6645  0.5297  1.0544  0.1164  0.5311
1.0544  0.1164  0.5311  -0.5014 0.1003  0.5506